x=5:10:45;
y1=[0.9423,0.9351,0.9642,0.9695,0.9739]
y2=[0.9705,0.9685,0.9684,0.9684,0.9682]
y3=[0.9633,0.9685 ,0.9682,0.9681,0.9681]
y4=[0.9685,0.9705,0.9673,0.9715,0.9698]